public void setYUV2RGB(){
    reset();
    float[] m = mArray;
    m[2] = 1.402f;
    m[5] = 1;
    m[6] = -0.34414f;
    m[7] = -0.71414f;
    m[10] = 1;
    m[11] = 1.772f;
    m[12] = 0;
}