public void setRGB2YUV(){
    reset();
    float[] m = mArray;
    m[0] = 0.299f;
    m[1] = 0.587f;
    m[2] = 0.114f;
    m[5] = -0.16874f;
    m[6] = -0.33126f;
    m[7] = 0.5f;
    m[10] = 0.5f;
    m[11] = -0.41869f;
    m[12] = -0.08131f;
}